2915321441
3228174939
3225845140
3035307545
3204344027
3182690761
3182689767
3182688901
3226256354
3189552136
3158333999
3226123742
3217780212
3158004426
3226145664
3191839815
3217778626
3194363114
2902712799
3190647678
3191841252
3090868537
3190887691
3220848574
3190653180
2946206235
3225813662
3228156564
3228117063
3226104646
3221410559
3225635309
3182664239
3225618731
3158077337
3226132292
3096875976
3217781102
3217780214
3213253335
3162072578
3182683526
3228226511
3151982790
3226665949
3228160004
3224839486
3225812617
3135111935
3112067370
3226123742
3204344027
3035307545
2915321441
3220848574
3217778626
3182688901
3182690761
3182689767
3225845140
3217780212
3226104646
3182683526
3220842912
3226665949
3158333999
2902712799
3217780214
3224839486
3226657892
3225812617
3217781102
3225801537
3226256354
3226145664
3225582161
3225682123
3091700687
3190647678
3182683526
3091705007
3224849568
3159426582
3157752185
3224839486
3182688901
3159425715
3219987466
3228110744
3225577988
3191841252
3191839815
3225580558
3228407578
3225640642
3159427309
3217780212
3159427306
3035307545
3112067372
3159423901
3120367720
3159424859
3220842912
2760879014
3091197994
2905012433
3226104646
3226294512
3217781102
3014603781
3152568688
3015132477
3226665949
3224846901
3159423923
3159430004
3217780214
3091198836
3225582156
3158362309
3228451145
3158610076
3015505320
3128336820
3221422695
3217780214
3091198836
3225582156
3159427311
3228451145
3158610076
3159425714
3128336820
3213253335
3159426580
3219987466
3190887691
3228117063
3159426577
3226132292
3159430002
3182689767
3217778626
3159428324
3159424858
3180764979
3225806755
3159430004
3096875976
3225806755
3159430004
3096875976
3220848574
3159424833
3091756723
3091703524
3221406190
3228174939
3224836767
3159428301
3225801537
3194363114
3159423901
2915321441
3094809814
3159426584
3225813662
3228407578
3015132477
3225812617
3225549391
3226256354
3159425715
3162072578
3226299804
3093281998
3159427308
3159429228
3112067370
2946206235
3091198835
3224849568
3125747532
3225624364
3135111935
3159423903
3014605502
3226145664
3159430005
3226123742
3091705008
3121419073
3182664239
3221422695
3204344027
3090868537
3014607206
3158077337
3228226511
3224848641
3159427305
3225576446
3151982790
3091702571
3120999921
3227112271
2902712799
3225635309
3224850286
3091199711
3226657892
3014608206
3158333999
3221410559
3215625467
3182690761
3189552136
3225812801
3091700688
3207976960
3190653180
3168407958
3159429226
3159429251
3159429224
3159424859
3159423923
3225618731
3190682548
3225845140
3091756723
3112068199
3190283884
3225547676
3226660257
3158004426
3159429225
3159427306
2967853689
3070240033
3180764978
3157749374
3182659606
